9821
3037
9549
5210
9164
735
8261
2526
2815
3136
390
5698
2849
3184
8899
6341
5731
5320
5502
1969
9902
1610
9177
5718
3348
1077
5200
389
3449
8705
4930
2646
6685
9346
6197
3482
8011
8803
6339
7987
9415
5745
6825
1936
1766
7458
1384
4532
7747
1845
6652
9780
2659
7082
7429
8884
9888
4770
1409
3999
7167
6747
7617
1377
2147
9020
5917
6635
3214
932
7692
4735
2431
4473
4132
8151
164
1428
5075
4240
2262
6166
7762
5327
5188
8619
8897
803
4534
1262
9758
8066
3502
5869
4513
6694
5374
7552
3762
1267
1775
9167
7432
135
1999
3303
2779
5225
2787
8223
8467
4125
4704
9574
1622
8461
9265
2804
5457
5943
3025
5862
4684
4196
8266
1231
317
1211
5336
4681
1876
9793
9829
8807
2628
855
9174
3676
739
5802
9252
300
139
4464
2013
2866
2863
9488
6879
3030
1964
9366
2738
4080
1653
5836
7099
6331
8303
6844
4420
6593
5921
4509
1889
2777
4583
4434
5620
4306
1805
9901
5294
508
5115
5458
2720
4483
1338
4746
2666
4522
1018
281
7778
1085
3445
8555
8770
4625
1427
1174
401
5982
9871
6791
5113
4705
98
1976
8694
2963
4075
5313
1269
8591
156
4520
1491
5805
4966
227
5529
3948
6406
1446
3708
799
1490
5307
5445
1331
4317
9905
4767
3616
7425
8485
2122
8352
8493
7398
6206
2938
8625
3468
3943
5227
7928
9087
3051
5189
1542
5948
1218
8512
1094
8169
4569
1274
8533
9820
5125
3322
525
8957
5224
2752
1186
3425
6172
9678
6263
691
8094
1185
1978
7391
6735
9059
324
6910
5348
4170
405
6738
9400
506
1371
3684
4372
6675
647
2988
8433
4369
4219
1912
2964
3632
8420
7897
307
8600
7795
8950
6686
5858
6540
2418
1031
781
9552
303
5436
2744
1104
9941
3816
4273
2840
9494
1539
4377
3834
9662
5370
430
6353
3483
7756
2644
4151
2798
4064
9451
696
3130
5292
6024
8323
6157
99
1135
1401
2940
5610
7930
3737
319
3499
3310
2408
7216
1395
4967
54
1626
4327
3148
6288
6129
6645
8357
7959
6208
4529
897
4001
6803
7322
6370
7647
1582
1737
1800
1049
4418
6523
5912
5008
7230
465
2851
2762
9211
1416
9157
3827
8854
1270
3841
4152
6323
5708
3207
1235
3620
3533
7221
1956
428
5158
1573
8675
7016
4839
8214
438
9979
3375
5238
8400
1293
3509
869
4736
2366
7042
5907
732
5533
5843
2999
7225
1911
7975
17
3376
2796
8212
1753
6577
9118
6210
3017
3427
3314
701
1595
9798
4007
9959
5006
7131
9427
5911
3941
4905
3738
5334
2265
3703
4758
6100
9939
5420
6885
8128
8687
7691
9000
8133
8744
3538
5915
5305
8370
6073
8839
8757
2601
1502
3600
8422
1861
6579
2361
6132
9878
4412
5355
9234
2941
6264
9236
7239
6722
1300
5337
1514
4538
6695
8281
2498
2827
555
4947
5197
4703
4358
5287
9728
2909
4315
5184
8361
9497
4406
9855
9668
8110
9940
37
9700
7218
6499
6493
2292
6003
3704
1972
2137
3589
1613
6839
5262
703
4350
5403
3940
1238
4984
8530
7172
531
6507
1859
7364
7511
306
8579
3071
4415
1020
9221
2041
3914
5726
1100
4600
4971
3239
2721
895
3243
9361
8023
9670
247
5030
9460
997
8873
6801
4468
3022
190
1107
3177
1309
7924
1106
9223
3809
1751
9709
8974
3359
1150
8516
4539
2537
3223
5047
8125
1958
124
5992
4470
548
2506
5182
1251
5589
7029
2459
4407
9328
199
5768
5248
2347
8732
2491
5389
6052
1991
3772
2846
4617
2961
2694
7264
1013
3919
8348
1759
2672
6532
4651
6488
3850
5064
8489
5766
939
736
2248
9765
130
9447
913
4912
7009
3607
9402
4879
7233
4088
7212
3648
4043
1204
3557
2457
2141
4382
378
8669
2423
2209
4072
3849
2948
711
4880
9045
5627
7017
8145
1414
7996
9470
2619
8279
1549
6446
550
812
9561
6096
1559
3300
4248
7461
1668
3139
2088
7654
7841
5479
6934
3493
1709
4716
9985
1746
8492
6330
9920
4022
8322
6705
4552
8848
3565
8557
4319
9387
9742
9539
3263
2760
4256
8851
8065
3090
1426
9178
8484
2958
6860
3435
5986
2424
5335
1683
9604
5559
7667
8007
4768
1527
1954
1136
5245
8547
1886
3755
4846
8119
6098
9244
4002
2007
4145
6390
7173
7685
9523
5704
8355
2749
1723
2371
2676
4634
2092
3339
5923
7415
8866
5960
1601
1643
9119
2713
844
4517
3385
8339
1792
1698
8057
7319
9681
8009
8774
6798
8864
2879
6297
6914
3536
3626
4697
2474
2069
58
1890
420
6054
6904
3476
9289
3228
2199
2795
322
5926
7211
9657
2859
3706
6287
2087
7770
1474
7809
9995
2445
1817
5283
3288
1834
8937
8832
2438
4801
7939
8481
3903
7155
3003
5988
163
440
2330
8196
3297
9884
8024
7300
9703
3710
8651
1717
66
9577
3545
7247
9647
5279
9275
613
3860
6543
7129
9934
2216
9969
8006
5898
3343
2309
4331
1895
4887
8992
8508
5991
7353
6094
3277
7553
4646
1098
4141
540
154
4241
8327
5425
6574
2377
9483
1968
2817
5776
83
5234
7302
8825
9158
2307
9090
7816
5099
9419
5154
9417
2691
9260
6534
6391
2157
4283
6591
1689
2242
3740
972
370
2705
2673
1406
9730
138
9627
8383
5414
9029
9584
1537
1856
4638
1486
1349
232
1241
5209
5526
8906
6153
3766
4262
5344
4016
9
7482
4224
6468
1339
537
2062
4762
2502
9388
3788
5026
9757
9263
2808
3117
6520
2255
2916
9318
3049
7407
2461
1287
4338
6289
4850
327
5720
1919
8743
86
3675
2275
262
3878
2654
7476
5673
1431
9998
2453
4214
7321
3956
8122
3513
280
7223
931
8663
8881
9425
2470
6569
9696
6347
8501
7669
3683
6114
967
965
9735
2186
8528
7580
2243
5069
5510
2582
4254
8802
8284
4389
9602
4922
2636
2889
868
9175
9276
1276
2774
6808
3085
5132
9873
769
1863
55
5460
4949
8252
1838
9544
1229
1408
850
7695
7711
3821
7468
2727
5838
8069
7775
1448
6364
4441
1194
5795
8759
2220
8247
8834
2982
7837
359
5205
5295
5203
8152
6634
7205
1304
6018
4347
4510
5464
7374
3610
3918
9683
3466
5738
3146
7132
1754
1379
7956
6342
3696
5476
2313
1536
285
6744
9695
2449
5077
145
563
6080
9071
7405
6640
2766
5339
6429
577
5501
2626
9789
336
9601
2323
5481
6793
3321
5470
3922
7177
5009
4691
1505
497
159
2490
4843
8036
1484
3456
7185
9012
664
4544
6074
830
3783
7843
9477
7828
1234
8026
9050
6702
3622
8050
9237
5957
1555
5035
2740
1894
1917
8814
1623
2682
2743
0
7867
1914
7656
8750
5812
9655
7752
5746
8855
3013
3730
8655
8449
9098
4385
4343
3120
5621
8373
720
7423
7715
8199
314
1029
1764
4637
3701
1043
7439
9809
8616
1130
4934
4919
9245
9251
9973
7243
7687
4182
5138
4851
5846
1418
2902
3685
6775
3744
6346
6496
6615
1855
6149
5758
2250
9578
5807
9109
8350
4937
96
2934
4352
8340
5548
4345
2090
2082
6693
1664
5409
7039
47
4782
3031
1933
9258
2237
573
881
3355
9385
1957
5218
7596
9914
3248
9869
8187
5416
3584
2127
7451
5455
7135
2264
681
9430
3244
2123
325
2618
819
1086
7187
2912
9590
6764
6576
9432
5880
9340
6926
1857
8118
8132
1649
8541
1254
940
381
2066
8307
1495
2328
7380
4034
2413
7852
4038
7428
4110
1814
1239
8560
4419
2249
9363
4455
7584
6654
6212
7359
8368
2800
7163
457
3126
860
5310
9864
757
4036
8852
7684
9296
6921
1635
8929
5562
7444
8292
795
1926
8781
451
2205
4044
4014
9202
2711
6358
9640
5326
8598
4876
4482
6386
7124
1126
2900
6163
522
1852
5736
6721
6647
4305
2639
668
1584
9264
1033
3851
2880
9420
4103
6911
3143
3583
9721
2168
5560
6636
8510
5496
2325
1794
8828
1750
9434
5070
1144
5974
8752
8921
9259
2856
4467
4089
8315
8809
6065
9274
7139
3614
1103
5228
6917
4029
6616
1712
878
8631
388
2554
5395
8143
4368
4008
9580
2097
623
7967
7961
4380
7176
2383
988
4559
286
1256
4656
8916
9906
2997
8553
5094
2136
4842
9345
2458
5696
8159
8176
5602
8027
7694
3038
590
7279
8301
4137
5890
2227
5137
448
5472
2810
358
7703
650
2850
920
5535
3702
3522
1897
1989
8381
1506
4159
6725
6454
1809
9435
8129
7348
6431
6918
9475
5016
3308
4717
534
7546
424
5983
9103
8142
1533
1469
7994
1648
9467
6249
6367
6067
858
2788
7814
5785
8542
3461
9001
6578
4010
6731
6655
9349
3206
705
1263
1509
350
3275
7229
5693
7313
7799
2077
809
3360
6447
5485
5187
1097
6659
9436
6369
9172
9697
2104
9943
1159
5637
6559
5761
4714
9068
3002
3872
3777
221
1496
709
8683
475
4140
758
3905
6473
6104
3472
1156
5886
4138
2014
560
2283
7010
1998
8416
669
3270
9807
7289
3892
9503
5875
7331
6019
1124
717
1770
7366
5972
2674
3441
5511
6000
7254
4449
943
165
6813
356
187
1247
909
6898
8681
5735
9060
57
7246
2202
1804
2343
4311
7637
7557
2188
3431
9777
5147
6171
4838
1563
8332
6672
421
7926
1793
3951
536
3345
8766
8918
617
5332
2770
492
2753
2734
1183
8329
8379
6332
3734
1002
9874
132
263
6066
3916
5828
1305
2033
5032
2699
7456
2572
8871
203
6932
4893
9269
6884
449
9181
7345
5123
3619
5958
7422
4867
1525
747
4284
9804
3819
4442
6201
5980
9694
7292
7849
9618
6417
5271
9548
5269
4743
6720
2809
3394
3876
7634
7696
2308
7330
2487
9088
9718
5447
6668
8179
1596
7565
4993
9184
8104
4246
6050
2032
3813
5748
4793
5379
6360
141
6311
3089
6696
5183
8793
267
4471
1896
9267
6101
5540
4147
8391
4094
2677
2310
1240
2027
3987
7149
3454
2807
1361
6361
198
5267
8506
9954
7122
9583
9974
4446
5034
8244
6283
196
3637
8045
1558
5139
671
406
9644
94
4970
924
7893
8709
4111
26
6318
7846
3955
7940
6957
2658
1190
602
9302
7236
9710
3864
3033
3364
9128
5765
4881
3671
4586
6621
8896
7735
7749
3236
6809
969
1121
9014
3379
5494
2477
1045
6075
8804
9567
291
4771
7901
8068
1252
8208
765
763
793
3946
6785
4962
9227
5984
7923
6408
9093
1796
974
7864
4333
8447
4859
9332
2030
935
938
6845
7190
8700
4894
2792
131
6037
9452
7485
9185
3458
8255
2854
40
6712
5985
5023
3304
1242
813
3911
7170
9069
9390
1580
6961
5063
9689
7050
7935
6606
9686
7811
9626
1208
9975
6307
9945
1321
3531
8792
643
2551
8491
2581
8726
4946
6194
8224
9115
6189
8219
9429
4497
6590
7883
4199
4820
5133
5978
1660
3227
6122
5993
5164
255
8375
4590
6224
3862
2528
8099
4725
5454
5211
225
6503
7666
2675
5265
1827
5603
9639
3470
8399
6345
8791
4370
544
5860
6310
5044
2568
4086
5407
3192
4049
6470
1681
4931
7105
6306
6203
7137
5254
9226
7066
5797
6959
462
5582
5174
4667
2972
1477
2697
4744
1057
9911
6586
488
3381
2452
5483
3281
6527
6226
5052
4877
8237
5118
6789
1973
6344
9543
7741
6462
2382
6009
6007
6948
7512
2821
7880
8000
5668
7831
8831
1564
5663
3722
3328
6167
8515
2615
6955
7701
6572
7725
8946
1078
1963
7362
8174
3353
6583
8534
8158
9300
9025
6937
6930
980
933
4648
3156
3639
8497
9074
6040
8573
900
8997
3980
6776
4622
4351
2784
293
228
627
9608
4180
5524
2683
8331
2051
9547
218
4236
5542
4925
8545
8426
3835
4318
6835
2031
6116
7579
4221
2536
1355
1347
4884
4102
8161
9650
7063
7334
4129
6681
1578
1071
6782
6485
1294
1125
8984
2944
8387
4379
6759
7942
977
9279
7400
2829
8448
3773
3264
9161
2357
5162
9794
7037
3332
1829
3807
8784
1869
4301
2468
8954
9830
9836
9645
5427
11
128
2451
7274
2575
6819
491
5507
7231
6248
2587
5029
9500
9706
7085
8360
3103
559
677
6560
3758
386
2015
7201
9101
2745
6092
6209
3549
2962
4465
7032
685
167
9357
2632
1369
4759
4107
2873
1820
6842
666
6706
6601
4711
6566
6382
4527
5756
6692
4597
8150
5135
9108
9213
5424
9002
9701
6784
6550
8676
6325
5966
3550
4545
3742
6254
5796
4436
775
6613
840
2315
8078
9043
1821
1500
706
738
4728
1984
2240
3152
8325
7384
5971
4514
7333
8945
8771
8460
4408
7689
7973
8966
2830
1381
1177
1650
8762
3635
1870
7744
7012
8033
4741
8889
5364
5935
3418
6500
8737
8909
4865
7096
2585
4105
842
134
9288
7058
9698
1273
5546
8624
5592
85
2319
2812
9808
6433
3238
8351
4026
7094
7217
9135
6450
5694
7068
2847
9860
5588
3437
865
7896
4798
1713
9977
2480
1297
6071
5180
2433
8377
7789
1636
9923
5181
2509
349
3032
7301
5775
6851
8097
3563
9649
4874
1669
4250
44
4032
5703
333
9987
3714
5232
2318
3929
4756
805
6716
5945
3686
6355
9515
1881
6443
4230
3112
2885
6146
6806
962
7290
5397
3450
6205
1586
7224
2151
3167
6025
8934
8457
6866
2144
745
6727
393
5626
6637
5652
1296
700
4134
5772
2688
2892
1014
1667
5106
7981
6607
9564
6984
8602
6832
8148
7097
817
2462
8164
1858
9895
7475
4914
7815
5999
7259
9957
8776
2228
6244
8089
5778
125
490
517
3086
8218
731
874
1102
7100
2110
9835
5257
4695
4518
6481
3882
1672
5878
4139
3372
3164
3259
3341
3122
6377
8717
6439
5515
9110
4374
191
6689
8468
9113
728
3169
119
1140
5499
7197
4731
5536
3931
737
6373
4393
3728
9107
9531
8612
9750
5711
5961
7001
4063
3159
2402
6440
265
4207
5625
3504
6597
277
1447
854
6088
5975
1980
9776
6010
8526
275
6279
7827
8960
8490
7968
2494
853
9603
545
5866
7904
6319
4834
8891
5893
8134
5699
485
5686
4615
2192
8986
4808
1258
5266
5747
8975
4928
7386
4184
8880
3636
2927
8317
6217
2083
1676
2362
1788
6392
1955
1853
9404
1113
1945
6848
7679
5488
1466
3199
2540
2373
4215
7295
5219
5517
2121
712
2010
4688
8823
4486
2641
1611
9298
1603
2521
9368
2025
4453
93
6605
4011
8264
8021
7339
2252
7497
5615
674
3761
8205
7851
5140
9375
2965
1701
6988
9044
1284
5111
2647
240
2370
4174
1226
1243
4540
6108
7905
3779
4892
5622
2995
6409
6300
6769
4587
9952
5319
6321
33
4549
930
6754
2200
4747
9356
6257
9891
7966
6145
2113
7215
3543
8193
1205
5286
4997
2395
7910
5853
2758
4431
1942
592
4916
3370
8392
9293
9779
2574
3415
658
9607
6713
7296
180
5577
5079
7983
2053
8291
2868
9206
3196
5710
8587
4117
5671
4525
4485
7598
532
8963
5291
2667
9629
6326
122
7357
7550
1046
1378
173
9203
4491
693
605
50
6427
5538
7449
8283
4696
7767
3369
5150
8988
818
9292
3249
121
1997
3338
7520
8003
6057
823
5473
512
5597
8674
4584
2214
2642
3133
7769
6291
1082
335
5401
1920
1862
8517
1376
9554
4324
48
8085
3004
2598
4830
6512
9967
6177
9751
565
9970
7237
8310
5378
3608
8017
8808
1489
1768
7030
7997
1651
5819
223
52
9309
561
8920
502
1570
1141
547
1755
5581
4593
1095
1432
7772
4165
9673
8185
2300
8221
9813
698
1743
9913
2388
9677
2622
3577
4807
1617
6313
2191
162
8067
6091
9876
876
6506
3720
2346
9416
4686
5083
323
2842
638
8080
5904
1025
152
7955
9033
3361
6265
5415
9121
9667
6410
2897
884
5059
3138
9024
4
8638
4295
2177
2129
1979
3592
1671
3677
6780
7162
3907
377
2517
1039
8730
9162
7034
3898
8895
2722
4367
409
353
6039
6521
2081
3378
1795
5371
442
8883
100
3200
7605
7673
6538
9752
1351
5628
8688
6970
4812
7338
922
4602
7427
8192
7437
6870
2640
846
4186
9536
4492
7469
528
7069
394
2976
831
1690
6238
5114
4976
5861
2968
5742
6691
9224
7912
4373
7036
7174
2621
8930
4619
5284
4204
2193
3224
7817
6762
7539
2908
117
1644
7727
7829
5824
2171
9139
2929
5308
7761
4980
9398
3638
3855
5527
2008
5751
4066
7186
8330
8417
8004
9064
8932
3279
4160
8697
4035
3521
9201
1729
3111
1138
3863
7800
8479
6395
9148
7619
4430
6168
3252
8496
6343
4031
3161
2379
3469
1839
9636
1099
6005
7193
7494
8474
7894
425
9152
9978
3913
4143
3066
4130
8342
2870
8827
5905
2002
2535
8740
8876
6856
9360
5352
558
2467
8170
6847
6314
4410
2797
1032
1638
2360
460
7606
2569
3142
2359
23
8453
1152
1893
5825
5038
2790
3390
192
1679
4146
3093
2611
371
3785
5616
5285
6714
5235
9439
1501
3660
800
2105
3158
8222
3984
2819
6620
8384
7417
2806
1526
914
8549
7308
1479
811
9716
5471
2126
3661
8181
9150
5297
9319
8594
3095
3848
9726
518
6530
5552
8034
4706
8321
1924
3443
8116
1699
3444
749
6564
7143
7921
1530
5864
7072
3840
4891
6350
535
5172
7390
4829
4238
5794
7138
9306
8194
8826
6945
1255
5318
2416
875
71
7263
7526
8911
824
5670
4992
3190
4113
4216
3273
662
7318
1686
5024
5469
3047
427
5721
7057
3268
7950
6524
8413
971
7587
3251
6726
4348
6838
5887
4118
2723
6684
5315
5368
2625
2075
9963
34
2276
2132
7404
4239
9870
4444
8127
8265
3488
6760
1666
5762
7804
8269
9423
1528
3439
2384
6062
7403
270
4720
6924
2208
8087
5161
4028
5732
8713
3633
1943
1445
8082
7222
6886
274
5201
8318
3054
4929
7027
4564
6588
1844
1155
9449
9672
595
7573
7713
476
5085
5624
9763
4543
7903
4505
1871
7396
4220
4181
4429
9951
4631
89
7620
7260
4462
5648
5061
2614
9948
6456
5489
2617
5402
8005
4135
9092
1836
6267
3528
3401
7599
7802
19
2736
8393
338
5786
9469
7287
3247
9282
1424
9802
7156
7060
272
6766
6542
4778
1996
4792
8613
4563
5784
7087
8536
985
8722
2196
7786
6059
2135
7561
9575
5446
1004
570
7854
3965
8454
7244
8233
7489
4452
4359
3423
7141
579
5004
4601
4060
6777
3551
1120
657
9151
1072
6087
1415
4213
5429
9772
7487
9145
1476
9019
244
6626
785
264
3106
2364
770
6126
2017
1062
7582
5293
9322
3100
9899
5531
6997
4321
2998
8558
8917
4078
7414
3723
1397
5564
2277
7341
6006
1522
7625
3824
6831
4507
788
5565
1089
8758
6060
9849
174
3183
5910
5018
3562
7638
3257
4495
2454
7349
59
7241
1151
5724
9273
2120
1105
3732
2637
5422
1443
880
4784
5903
8692
5304
9992
6324
7724
5604
5700
3853
4188
7145
7977
168
2268
8105
2356
9229
243
7075
8123
6442
730
6258
5734
9620
2952
6329
9208
9104
808
9442
6761
9054
1022
9898
9367
3559
4777
2099
6931
3265
4480
821
8996
1382
8093
7021
8559
2685
2022
8398
3627
9073
6662
8589
4360
106
4124
3733
3471
9502
5321
8146
887
3099
9197
2387
1541
1594
599
2546
9863
1054
5586
7472
9792
329
8494
9827
7028
429
7972
9930
4596
9593
941
2768
1030
777
2047
838
4868
9205
2407
5013
6938
7951
8716
9520
2875
7704
7346
7707
929
109
2635
6973
6863
578
3116
8109
6053
4757
278
8177
8991
6958
2730
4387
160
1581
6699
8077
680
5658
1131
7936
6947
2805
1519
2836
6125
6099
4082
3329
6435
2226
6840
3741
8458
468
3856
8072
3599
7011
161
8010
5553
5847
8879
7460
1435
6653
7945
8755
6596
2011
7909
9825
5619
981
9613
6336
6351
95
4989
5093
5435
7556
7166
206
8736
6531
635
1850
609
7641
3920
1786
4671
6897
5876
4033
7169
5367
4806
1767
797
4115
6773
399
9521
5739
9199
568
7516
3752
2160
8704
9381
7495
7505
5302
7585
8037
9784
6797
2111
3552
6079
6237
8632
1801
9124
5359
4910
1187
6807
4833
5551
7503
9586
5010
7624
4554
2247
2507
7157
2543
911
7651
9440
7773
2731
9720
5594
4531
3994
2869
1511
646
7208
629
8079
5141
1065
4674
2515
1198
7538
8830
4693
4012
8313
9715
1314
2232
8324
4718
733
8257
102
4740
8171
6141
5116
4790
9732
9445
9039
4661
7578
2427
4185
7278
2552
3043
8240
9058
3282
7840
4732
2567
3163
472
104
9619
2550
665
9908
837
3118
8862
4009
1808
6459
2532
342
4665
77
5856
8495
4683
15
9080
2460
4226
8139
447
2539
2865
1618
2690
5102
5970
2071
2702
3261
7297
5177
4383
3357
574
2117
3891
1429
3108
6150
4183
4616
5638
4341
505
1112
1982
1778
3029
6412
7401
2530
7642
1780
6739
1630
8055
2401
144
6338
391
1916
5408
843
8235
4109
1336
4252
7998
6514
1790
8338
4210
7604
8267
7320
4320
2058
6841
8546
9241
5391
3203
4069
5404
4754
2789
9303
4528
1684
9077
6519
3350
5749
3181
6673
4023
1148
2304
5931
9105
3234
8769
2634
5873
3323
6228
3404
9450
261
2953
715
9317
3342
6909
6368
3933
1575
8569
4964
2913
5550
70
9953
1517
8386
309
1478
4644
8049
2848
5206
2883
3739
6299
5518
7982
7284
4247
8014
8571
5837
2001
2324
4903
9611
6139
2887
7705
9192
5989
6033
9781
3056
1421
8189
6188
5405
3040
1929
4810
7282
7158
2932
2266
1602
9295
5096
8833
8042
9232
6837
3514
9218
5848
3764
8316
7670
1266
7531
2440
3593
6632
4212
9885
7371
5936
6169
3998
7716
5288
6403
527
8548
8800
9310
7110
2059
2954
5845
7914
7159
7340
1553
9516
4581
2573
7309
4232
3151
7781
9413
1080
656
3517
3104
6143
7888
6508
9008
3663
9887
8349
1948
9755
9771
1971
5821
2174
9927
6833
8070
2156
3724
7674
7288
7648
4766
9931
6768
3173
8811
3253
7729
8076
1994
4314
6630
6076
4366
2818
1587
3792
9063
3477
6286
8964
5255
3291
1184
5675
3241
212
6136
8844
9032
9510
209
6084
9712
1137
4004
5897
2894
5613
5764
515
229
2794
9408
4547
2974
5571
384
867
3781
1
4751
3662
7514
4969
9335
7311
6159
5450
4498
6972
6180
4672
7554
2182
484
7746
6986
564
718
7536
8535
9281
1024
9438
1373
6783
8666
1758
8236
21
3771
5080
3336
9638
2181
581
3213
5382
3215
3954
4938
7306
4053
1272
7798
954
4123
7944
1320
4187
6595
1164
5601
8641
5774
2221
4902
6864
4960
3188
5870
1285
1462
4844
7764
9518
8274
6611
8846
3028
2935
9788
5803
4932
9996
5760
7929
3709
636
5556
1410
219
9986
8277
6276
7049
5882
9513
1605
482
7148
948
649
7785
6551
6020
3302
2709
541
2119
1101
4628
2261
9219
5406
6927
1233
9188
407
2826
8272
5130
3012
7130
849
8403
2719
9559
660
5249
7445
2610
8627
344
8172
3915
7317
2511
5120
1691
6411
8919
2399
4355
498
7113
9663
6027
4722
4402
5486
553
2145
6486
776
9572
9062
5642
3789
6118
1816
1176
8617
5226
249
6032
1707
6516
6868
4977
5844
1872
6749
8606
8056
8886
4003
8796
4330
4797
1940
8498
9563
8644
8733
5617
9326
3938
1825
2316
6186
5525
5914
8590
6707
9369
6552
7623
1172
5100
4435
3176
576
6555
5459
8786
3254
8659
2782
5258
6829
8622
748
3026
6900
4613
38
8328
2428
453
6271
2516
1561
9169
1739
8725
6110
7607
4972
4818
2629
6501
3842
9075
995
6021
6517
1003
56
2890
4269
4114
2811
3194
1873
494
2594
6011
4371
4915
3266
8701
7639
7881
4275
8295
4271
2194
9984
143
6548
6333
500
7633
9106
2576
5857
3847
3705
3256
7103
5569
3287
5545
1548
4292
3018
3983
6545
620
3140
8604
633
2280
5835
9766
2159
5590
6880
8
5366
417
2945
1512
9964
6484
3893
9994
8238
1841
9903
6858
2765
7787
1516
9268
1799
7178
6214
2763
301
4951
253
7358
8578
9501
8524
6677
1134
8538
5343
5299
1203
4883
5062
7299
4953
5649
7402
3510
7839
7962
4571
5644
3971
20
6656
1396
9774
7426
9637
1806
8648
7992
6090
2484
6788
5484
4041
6
3968
7938
3084
9140
6274
3080
1534
9384
5002
6030
14
7118
4611
3119
1149
9285
8394
7192
6418
6963
7558
3832
5842
7388
2074
1051
9553
2769
2143
9337
4096
8767
4935
6081
8120
1532
6233
8294
9484
2589
87
2327
8231
827
2923
9652
9833
4957
9187
7106
7199
8446
8893
6164
8765
1073
1411
863
6133
7833
7424
5789
5127
5276
743
3567
1529
3198
4956
4280
7823
5223
365
9968
928
6497
8390
7717
9048
9242
9127
6609
1944
9412
9120
514
7154
1139
367
3201
5646
2917
4169
5148
6466
6603
4712
443
3667
8182
4515
639
9397
1083
3883
8965
1819
1454
3294
1212
3134
4493
1659
2832
1318
3438
3307
8780
3001
9816
3542
5541
6078
9011
6525
8554
7892
3311
9988
780
7591
6455
7285
6946
9437
4027
6867
1290
6887
5386
470
3319
9615
6701
1439
7838
9573
772
1452
4425
6515
5791
1059
9628
8075
4340
343
9834
3189
3787
1157
8452
9936
2996
3024
5666
6069
7054
1866
4898
877
8958
3886
3102
4353
3299
4541
7120
3618
9254
123
5779
8362
3952
7768
8251
9724
3870
7394
621
4501
3491
4840
7731
7363
6111
3843
4848
825
9410
9492
6732
6016
5053
3831
8874
2385
79
806
978
6154
556
5930
8519
6628
529
4120
7052
8518
7680
9198
5017
4692
4726
7343
8645
7602
3208
250
6568
1848
396
8098
3657
963
7051
5632
8246
4940
7984
9509
1133
1721
1291
8204
2747
6999
9614
1403
546
4121
6389
9339
6017
2481
5676
4308
4073
8308
4959
6362
7600
5323
4290
6687
750
3574
9790
352
2771
2838
4426
3023
4804
6155
1722
3276
569
9875
4761
5089
3440
5281
2274
9656
4885
4670
5950
6105
8197
3970
6893
2579
6553
7008
8642
3879
923
5793
7754
1391
7090
9141
2034
3393
3539
1860
7007
287
9910
3125
3165
9250
6107
7047
8475
8982
1008
8038
7980
2073
9443
5303
9961
3924
1620
7465
3699
6134
1035
8028
5946
4267
2513
1091
6178
5683
572
2381
5737
3889
1970
2412
6648
4668
8103
4192
3492
146
4582
6414
3039
1116
2732
2155
942
4084
3861
9818
5575
7628
7491
6477
8243
2657
8462
4166
2857
5134
1111
369
6688
1084
8002
8976
4521
3670
2864
7750
7635
4548
1731
8434
73
6631
9810
641
7067
1504
6275
3823
2737
8760
373
8707
1245
7256
6889
8795
113
4870
1457
8044
7583
8335
9797
2855
3081
8366
9576
5763
9171
6804
8857
1734
8955
5920
4786
8407
1902
5815
6487
9832
7876
5701
8601
4077
3073
8721
7125
1818
6565
2162
8472
3498
5072
2219
423
6852
9324
4015
4944
1752
7510
9286
9235
4519
7820
4639
4021
3581
630
2035
8983
1237
7732
3400
4432
9311
1762
214
726
458
7071
5660
4748
6733
7765
870
1990
4176
1802
6298
7500
3337
8788
9917
1066
1282
3532
7530
6162
1552
1289
8858
3828
1075
6047
2966
3988
8987
3611
5780
6175
9159
6193
1988
7073
7856
8686
3455
9170
7664
6978
5719
4577
7848
5645
3613
9610
5826
1633
8502
6402
767
8742
2101
516
7133
973
6001
5901
3647
5229
4676
2704
8969
6268
5342
8592
7194
8900
8596
4191
326
6602
2287
1225
5665
4265
9334
2802
6554
3578
2599
5329
9457
9023
4193
9740
6981
5328
841
6663
1951
3646
6008
2560
6282
8924
2476
1158
4405
2602
6349
2190
1278
3009
8772
8670
226
6428
9760
1188
624
5996
9597
2085
2607
2759
5750
3858
1745
2164
9989
3060
3688
6944
2853
6723
6718
7572
310
2095
1430
4095
9538
9817
2103
1756
2529
7675
1468
3327
3068
5990
4085
1693
3953
953
6013
4987
3747
3890
1451
4225
3665
1910
4685
9116
725
2118
802
1011
807
2116
7365
4255
1661
1568
4234
6041
3197
3852
3556
2803
8961
9191
2985
6144
9983
4561
2773
6953
5713
5131
4904
6469
7248
7195
3262
9746
524
7486
9541
2831
4978
6261
557
402
3780
3318
8286
6633
2203
1236
7303
3127
1510
9464
9441
8466
8015
4897
433
211
7479
2989
6451
5372
8228
46
7114
5363
3258
3232
9659
2834
5874
661
3873
8581
6665
8478
644
4982
9006
1923
5101
6670
8271
171
9861
2076
2442
2921
8019
6627
5155
9868
3884
7863
6077
8471
2778
871
6407
4939
5341
7375
7048
3725
3912
7794
2072
4701
4349
3109
169
3803
3782
8304
640
7413
9394
2450
8861
2043
2278
90
4208
2393
4558
8693
783
9153
1442
899
5233
2724
3877
5076
6218
320
7447
2282
6243
8369
8552
5840
9526
7644
6309
2835
3524
1363
1271
2943
2183
5163
3650
4835
6971
7488
2906
3707
8035
9840
5744
1574
2298
9841
3519
234
6055
5393
7720
1145
4489
4037
6929
7504
5506
9472
2596
4849
4122
2841
4046
1854
4888
2004
7202
7368
7665
8639
5104
7499
9314
8163
8695
4108
7142
3053
5142
7627
4592
3679
2224
7501
1787
3748
8532
8731
7963
2904
983
5709
7416
6933
404
1055
9272
3979
7796
4093
9454
5792
31
456
9342
5157
3649
6303
6272
4325
1317
2698
7868
9030
3349
6207
410
6859
1694
7906
6215
7699
461
9734
1265
6354
4690
2353
7035
8751
9971
4025
2394
2604
3217
2217
836
4297
8649
8141
5752
486
1892
8968
9173
2993
9132
2146
8664
7719
4641
7949
6379
3625
1063
5495
1009
2715
9916
2070
2410
3516
8819
1437
5804
5977
8345
5256
4886
9134
2922
2447
2687
6977
9102
3612
8061
888
8820
8020
7899
9053
1332
8977
2514
80
7697
3235
4918
3050
3368
4142
2020
8540
8805
4291
4427
5331
8282
8739
1090
6387
2367
5388
441
2813
7870
2942
9769
6849
4476
6374
989
6994
2684
5679
4469
1335
596
5051
7418
3473
7878
3640
2344
4309
6219
445
7866
3367
5340
8227
4127
7361
9476
5740
3292
4336
3927
5664
2437
1068
2651
6165
1953
1702
779
4062
915
4737
3132
9347
3588
9558
2508
7356
7372
907
8847
7718
8915
3462
7065
7847
594
9690
3087
5478
9352
9540
3829
3962
9635
9675
1482
1777
5380
2290
5888
7736
723
1728
8582
376
7410
5896
3634
1040
9759
4048
8480
6458
1288
908
1706
5204
3674
7745
1830
6877
2430
5466
5591
9896
8698
6397
1413
9594
1383
946
2919
1608
6676
8842
8108
5830
5117
670
6541
6966
2376
7777
1069
567
2793
5165
1740
1981
2206
6916
9498
9133
4384
7686
5036
201
9555
5833
9018
2086
1732
507
3467
4811
3500
7181
1730
912
8797
5685
252
2350
5346
7291
6230
5441
5854
1076
8993
8359
2823
4051
7408
6824
4440
3628
8607
7261
2903
3497
5432
1115
3480
4091
2501
8156
9842
9114
9401
193
9527
149
464
3144
792
1173
9431
2267
9396
1053
8018
4896
2600
450
6772
5516
4575
5829
29
2588
916
4179
6239
3286
6526
339
2311
6095
8124
1365
9569
9095
3654
3745
4045
276
5650
3985
5634
2592
4709
3930
6187
5317
5453
74
1716
1647
7387
4723
1056
7200
5166
7560
4780
7442
6556
5173
5433
3804
2557
4175
6312
4451
3211
9828
7128
7392
204
3374
1000
7978
5198
5877
3014
9606
8334
7918
10000
4860
5928
5347
6337
7913
2333
8703
8136
3977
1938
4936
2057
1922
9338
6678
6878
7220
1481
1005
3432
3226
7397
7588
5144
9216
7969
504
606
9768
1419
9747
6340
9013
8380
3973
4167
8500
7976
8824
6549
148
9379
5790
6415
8195
9137
5129
2195
3481
6736
2990
6703
231
4304
7004
8525
7521
5005
7989
2098
4653
5377
8971
9738
6400
6708
9142
8414
6184
4172
2701
4101
2669
8268
1735
9386
4773
5987
9676
4448
8302
5242
6103
3055
7033
5607
7043
6026
217
6419
1210
3950
659
2542
3074
7232
2496
986
5240
713
5274
1773
5192
8818
7454
4752
9929
3786
3391
2107
2254
5136
5107
9504
6277
3680
9027
2317
8959
7092
5222
2755
8778
3689
8200
3844
7873
2499
9125
6895
4058
4764
688
9371
5593
856
6147
2302
4131
6561
1909
4679
4070
6151
1975
9692
3945
9717
4056
8008
8404
2419
5087
3936
7250
2064
3760
2314
2176
7797
2761
9122
97
9525
873
7958
8567
5167
8356
9463
4909
5001
7337
1222
6850
2898
4261
1330
5411
3726
9980
6223
9147
6185
1220
5086
992
6213
5022
4334
3881
9307
8746
6366
4958
4217
7324
9094
903
7443
7528
7325
1499
9422
9754
200
6152
7435
4789
6871
9912
4588
8877
3711
1569
53
4054
2093
4769
9131
3815
4098
8419
9947
1350
6036
960
2306
2161
3212
5439
1961
5065
3986
2764
215
8544
4659
3561
8168
8483
9770
4680
982
919
4926
5611
222
184
6327
75
8985
313
6827
5250
5528
4395
996
3115
8702
9081
8135
1646
7307
4059
8729
2050
3123
3175
7076
2860
7822
1811
4708
1010
5884
9392
1967
4652
7406
1714
7273
9753
3475
4266
3077
4620
2971
5976
7549
1467
6715
5952
1407
7240
4055
3895
9354
5384
7991
1319
481
9550
9856
5814
2493
764
2269
7144
6881
1901
5827
5964
826
7911
667
6123
2222
7853
9646
2548
6658
2977
2837
1460
2597
7283
3149
5215
3110
9761
752
4975
2003
1918
5555
6522
8438
6690
1368
6535
4855
9651
3796
959
6102
4973
8470
3643
5962
3530
3048
2140
6398
4585
1708
7871
2891
3963
8656
998
4875
2094
3442
2289
4479
2681
4739
5808
5855
4698
8040
9038
3179
3420
9956
3186
1931
7134
7708
6266
9915
8245
9648
3016
1521
686
9418
5716
3993
6322
8531
1905
6423
8184
2201
520
4816
8523
259
242
859
9714
6328
8566
2786
9348
893
1342
2348
4803
8106
9669
1880
1704
7000
4194
2244
6781
8183
1420
2420
7710
2987
3366
186
4945
8720
2397
7902
5787
8623
2089
8126
6121
6728
4071
4398
672
7091
7188
3805
6719
61
1343
9857
2591
746
1783
3464
3526
7759
4300
4459
1867
43
1692
2435
2876
7681
702
2153
7269
9350
4202
1797
7733
6460
9262
7165
2871
1606
3603
3629
8167
3059
2712
1835
2717
1110
1096
2019
5672
2425
5909
8671
2363
7907
1619
5841
5330
4401
9222
4484
9859
6383
1372
3894
5357
8637
8901
5561
956
6598
4805
1337
8411
5712
3969
2978
6746
4642
8102
8241
3909
3735
9376
8215
1590
2886
3797
8031
4598
2895
4149
1122
6967
8253
5170
6770
7859
7734
1882
110
6625
9892
4579
3596
3121
3382
3534
6987
175
8220
7431
5176
6015
5216
5423
5680
2907
1604
9491
616
1047
5820
9854
9117
9893
4872
4198
9496
3825
4512
8112
6812
3331
10
2665
35
2464
9249
455
1615
4633
5350
5124
6437
9993
142
489
41
7626
6247
587
6316
7083
8611
6380
2580
9005
9707
3503
2520
5221
6802
519
6124
5060
5684
6270
4487
3010
8939
1784
9796
8718
2000
7006
1518
4570
724
2504
9129
8206
9160
9373
5714
3430
9499
3231
318
116
3309
9631
2914
4745
7378
3736
176
5547
7780
4421
7242
2169
4428
321
5381
9072
8928
9741
2338
1461
2739
4438
1362
2558
8923
4917
9581
3433
585
2899
4396
7643
6301
2492
1279
8696
6995
9333
5049
2485
1081
6046
949
8073
9545
1815
6259
2858
7513
3083
1147
804
9535
4781
8753
1168
2305
1354
2801
2785
5818
847
3806
9886
216
4594
1223
2187
6976
9806
1064
5519
1455
92
3064
9609
8658
3422
7088
8488
5770
2562
5434
798
2781
9146
7209
3579
1312
1546
3901
5300
4677
9699
7793
1067
8872
6907
9506
5195
8835
619
5015
9643
3871
7196
7535
4815
2652
7774
2970
7908
2469
8845
334
5003
9403
8822
6567
9612
7562
2915
5354
2708
5798
5505
289
8046
3082
762
4658
1543
3520
7140
5549
114
6453
3006
2584
2518
8952
4195
6836
8691
1868
1887
2233
6891
9743
7270
9411
6502
2754
9055
4500
1621
3204
6494
1932
6348
5906
6664
1523
2055
9679
7879
2422
2519
7117
2947
9999
331
7448
8296
5394
2165
7965
2563
5040
5520
6587
8140
7258
1828
4604
9049
6755
3171
7678
2134
8653
3320
5421
8166
7974
8258
1614
3609
9052
4133
4998
49
3411
8539
7323
8230
4422
5918
9665
4258
7613
416
8344
88
1928
1434
279
3478
8412
9624
8783
5178
1488
4614
3036
6965
7784
7835
6582
729
947
1021
4450
5452
5782
692
9622
4643
4017
8782
7
6131
7045
8299
5892
990
7462
7683
8160
4796
5246
9736
7079
8972
7860
5955
4079
1280
6432
6928
7327
1765
8364
9588
8062
5480
3409
6022
7493
6993
444
2256
3021
2321
4627
1930
7470
9847
2021
3027
1087
4205
4104
3712
8096
408
298
7121
3280
2084
5045
178
2583
45
5462
6639
6683
3717
5149
5467
8048
918
7676
3076
5572
7709
7640
9144
976
2065
7347
3363
4312
8882
4715
6674
7985
7373
575
1470
4344
3019
734
1652
4817
4955
2009
9566
1947
7610
6737
3356
147
5444
7645
6196
6156
2969
7551
5567
7738
1310
3586
8165
2861
3233
7376
1295
9284
8710
8486
346
744
3866
7277
3005
9556
1119
9684
1934
5112
6225
1987
4364
8476
7758
6546
2956
363
2405
8059
791
5608
9078
9962
6892
5196
69
4323
598
5578
2259
9623
8859
7518
133
6544
2391
1675
7038
648
5913
9051
129
6624
2336
3523
4565
4228
8239
8114
2389
7164
2130
3754
6528
4825
4991
4097
3162
5730
6405
3631
3571
4856
9731
8090
8673
2215
4950
6359
2967
816
538
4424
9872
2239
1663
3715
4335
2018
1441
3811
2613
9210
6388
3615
8927
503
2946
5442
412
2
2905
9301
7808
2148
1629
6480
5965
8100
8815
964
4287
7900
3597
3802
8397
8860
7803
4362
9343
970
6826
7810
3874
4623
3757
8843
7807
3698
8086
3508
4289
539
1749
8640
513
477
9407
4857
4854
2163
248
3817
5697
246
6371
2197
3218
7344
3313
2149
7540
7382
8711
5654
7858
469
7061
3062
6975
8083
1520
1034
9313
3145
5011
4081
5202
4640
6461
4288
9799
3544
8210
483
7312
756
8343
8561
9194
716
5771
3135
13
9076
5451
651
271
3447
3928
2295
8660
3541
593
4783
9316
864
4827
2729
1246
7569
308
6612
4941
2052
6899
5674
1333
4996
3791
5839
7932
7632
9473
5681
6356
9089
4200
7544
1161
392
615
7595
2210
8385
9592
6862
4189
3397
9465
18
9805
5895
7213
362
3765
4411
60
6216
7041
3904
7019
4965
8898
6558
136
6617
608
3490
5598
8421
9485
7452
7168
682
1257
4112
4774
4047
5868
434
9395
4727
2631
8365
8121
3413
1283
6072
2080
5852
8629
5865
3692
755
341
6756
5400
7474
6537
6650
2351
1599
2175
1875
4342
4675
3312
3402
8563
5324
1224
7884
3347
2358
2326
7825
1597
9756
1939
622
6786
4719
3219
3416
583
810
5788
2670
4136
5927
5490
499
7563
8829
9773
2955
8113
3673
1747
7830
1524
3570
9946
4574
7015
552
8229
6372
5521
7255
9091
5058
7952
9949
2417
1456
9921
2102
6120
4968
4557
5055
6204
3666
3137
5413
1390
2078
4911
5777
5954
4837
9405
7480
5631
8211
9658
8276
2322
1380
24
2429
2403
5110
8679
9459
1625
2561
8727
9565
2872
36
380
5899
6649
2586
7763
1394
5723
9166
8198
6296
7440
784
9004
1170
9426
6922
8577
4822
9320
845
7517
6906
9406
8346
7498
7865
2436
2124
7502
9837
8513
6097
5014
1250
9312
6475
5309
9767
6404
3406
7062
5193
5418
1359
2570
2060
3572
6449
7986
523
8157
189
1949
2772
7064
8905
9035
607
5563
3934
3770
2049
5383
6599
1904
637
6113
4836
1306
6467
8790
304
7275
364
9479
9270
1178
7276
3966
9933
5691
9748
5145
9725
3678
7509
6763
6424
2354
2443
2541
3900
7492
1803
8633
4645
1143
7999
1551
2341
8779
1327
5033
7931
984
2096
5048
5171
454
7226
2038
773
3046
4310
8935
403
1388
3419
6138
1399
153
4499
2878
5715
727
2547
1041
1781
8260
9230
1628
9641
2486
7608
7751
6610
2718
5537
9778
3845
5532
282
679
8754
9482
5889
2706
4724
2079
7964
3045
3967
2623
7336
3065
8940
12
290
8429
4128
4952
4526
8938
955
8903
625
8395
3015
5179
8706
8278
3296
3245
8213
9570
1206
2234
3917
1654
925
1061
4203
9674
4223
759
1244
4386
7566
8621
6061
5091
7658
4920
786
7957
789
1044
1535
4229
3358
3957
6752
8941
6830
653
6580
8816
3067
5729
3373
3242
3691
8568
5108
7933
1824
4578
4730
1228
7672
7507
7409
8595
5109
170
8336
6292
3537
2862
2482
1600
2048
7146
4392
5066
9976
2426
7970
1171
9819
5278
9918
3298
7234
2559
8922
1791
9851
3512
5056
8979
9481
5941
6474
4707
2029
814
9723
3325
7457
1874
589
3283
4218
7385
9966
5500
2951
9351
571
872
904
2638
898
4618
6315
8951
5504
8575
3690
4206
3826
5640
8735
6199
1937
236
2825
8869
150
6242
6295
1565
6741
8207
6765
9791
7257
1117
9928
8374
2648
5688
9571
1831
966
7948
8101
3124
1849
8499
8052
2218
2524
2799
9785
6800
6882
7919
9786
9228
1898
6875
5081
7818
8798
354
4506
1710
1299
1785
714
8684
4030
8270
7098
3554
7228
9240
1974
9163
6905
8998
5942
1677
6943
3746
495
5078
8180
6575
8878
3042
8088
5934
710
4607
5981
4828
8029
5741
4475
9421
1313
5159
994
3568
28
5568
5823
894
6828
719
7152
2505
4144
9220
7434
9653
8288
6045
5937
2380
8550
8817
603
8178
5523
5998
708
2930
6252
5879
2497
8584
2421
4999
120
3305
3429
5054
9511
6771
172
6998
5208
7740
9378
8690
9733
9848
1201
9671
2555
3658
9981
6666
2680
8234
6919
2312
2463
5967
1311
2138
5580
1092
9204
7771
9866
4734
8850
4068
7706
4657
3865
5596
1992
8432
1774
3867
4245
3756
6584
2432
1670
3436
7660
2590
5705
4298
1846
64
4963
68
2179
6304
8990
4882
1508
3407
5653
368
4235
2822
6950
879
8376
7855
9942
4794
7238
6420
4168
3868
2852
7730
5289
1674
7466
6888
9812
8354
1027
233
8892
6142
9621
5757
5639
8509
4878
5244
8801
4251
2728
6471
5082
372
4119
9389
9865
5199
2026
8812
8095
5579
9955
9168
1812
3974
7268
5503
8773
6416
2926
2288
9056
6044
3995
3417
8455
8620
7953
1531
6818
768
2339
1328
6992
9935
2616
8115
4535
6854
9507
1598
6229
5105
8248
8456
7483
6042
22
8060
6476
8734
9826
6594
7203
8913
7917
8191
7543
5247
2671
8944
4900
7298
3484
5767
5557
6935
8794
4994
3518
551
934
383
3354
8054
4157
8465
8904
9660
357
1736
4760
9633
5881
6557
687
8615
1760
5514
3693
3585
220
8409
5570
1129
7661
6954
6511
9919
473
3700
5186
9126
8012
311
1685
2882
3525
6051
7819
8298
4381
4322
2933
1782
292
601
3721
3515
9257
7018
6234
9428
3820
5863
5119
2446
7532
5661
3486
2100
3451
7954
4100
1705
7490
2293
179
6109
4990
9037
6697
6913
4948
284
5949
3716
432
8016
3097
3617
2396
7555
9466
5396
2775
2960
1560
4694
760
7615
5338
6211
9782
4889
2833
3547
7519
7659
1900
5103
6365
9666
2478
2984
9266
7577
6513
3205
8001
1193
2045
906
8840
2334
8131
7044
8806
1899
5659
4390
7564
9325
5217
7031
7316
7723
3575
8936
8425
6376
8402
2016
4650
5497
1656
921
1960
5007
1718
7937
3128
9823
3474
9530
467
5243
8451
6671
9909
7314
9041
302
5968
1357
9490
1627
3535
7104
8333
9305
9495
5498
6903
9705
2133
6991
8130
1813
8290
5956
5153
6174
3078
7971
9846
2024
8678
3507
6241
6890
2150
5358
7990
3659
4316
8838
5817
4750
3729
6792
8931
5647
4083
7862
9568
3340
4647
6253
7235
5539
2564
8634
3180
112
1538
7609
1221
9960
1487
4576
8505
7025
2565
4847
1885
166
7622
5375
4831
7533
4357
7941
9654
5057
4974
1472
3008
8657
2839
3289
4908
1877
554
2241
9097
4871
7630
480
3598
185
8025
2920
5349
2979
3899
3569
1356
7084
6031
5239
2212
7471
8175
9775
3075
395
7792
3424
9591
5074
6810
6646
210
6821
1688
3011
9838
8583
6778
2109
8347
4606
1571
987
6908
1741
2608
4019
7779
1567
5951
6622
7381
1883
2039
1789
5169
4253
1720
3387
4555
9003
4394
7791
6305
9897
9831
6915
9217
351
7305
628
8262
8849
8424
9877
4800
5316
2068
3079
1385
1345
673
7515
8585
7567
2335
6245
3141
5635
2236
4365
885
8556
787
501
8423
5513
1450
1079
951
7960
4260
32
6757
5754
6820
7663
2553
9880
1589
9704
6464
5925
1017
8154
6660
5482
397
3284
4052
7481
3580
7621
8682
3396
7875
6335
7160
9894
9321
3494
3944
5667
611
8597
2816
1888
3774
4006
3591
4391
7755
8514
9331
9040
3833
7123
9687
1640
1167
5947
1642
5468
330
1387
347
7329
3168
6290
3798
2167
3222
2337
4116
8764
2783
4024
9047
3452
8149
6504
5867
1965
882
2257
4375
597
9453
5656
848
6445
6115
1915
3982
2456
7013
9433
7947
1993
8925
8599
4162
8689
9057
7086
9486
3645
7508
7542
2756
1927
8680
6857
7760
9112
9932
5938
5027
9186
3885
1962
5522
3653
5929
5851
6638
2040
7586
6441
4669
4599
422
5039
6043
3330
8285
1001
2655
1162
8856
1366
7367
6280
5801
6983
3487
3814
5678
6070
4933
1196
1557
3529
5995
3749
9926
6698
6923
2703
8418
5212
828
4913
6086
1192
4303
3880
9585
6035
9517
9839
5260
6651
3459
3365
1114
2329
4057
379
3668
6170
8580
4201
7077
3131
6227
3548
5448
4624
2023
6490
5264
2593
3949
8947
3058
820
7189
1483
2273
4155
7629
2142
1016
2620
6413
6058
4461
452
2662
6483
1367
1878
8967
4039
4632
8137
6401
1360
2523
5426
3113
631
2472
8111
9271
3555
6128
283
7022
7315
9982
2415
3731
1471
6874
9130
6232
3921
1700
3630
3750
3836
4689
851
4376
3875
3935
9446
237
8865
5894
6498
1769
4853
400
4710
5474
2746
9925
8275
3743
1748
3398
7026
1370
678
241
2369
7207
9182
6425
7702
4356
7993
7262
312
4678
4242
1352
5891
8593
6190
3830
862
459
4568
6049
436
1864
2534
944
9889
269
707
1665
2980
1132
3035
4664
8863
258
2272
4700
7790
695
9287
1592
6562
5438
9022
7821
2108
4378
834
6195
245
3560
2180
2884
8745
7024
9844
2510
5707
4173
63
7861
9195
6472
3335
4211
9685
6985
663
6589
3727
1019
742
3246
4302
1007
6375
6068
4749
8868
4788
4090
6657
3978
2695
704
9255
2063
6872
4775
5095
4755
4244
993
4981
1393
8749
6912
9365
4005
3501
8708
1316
6563
9937
6495
2495
9534
2668
6661
6592
4524
2112
3854
5583
2281
418
9253
6570
2246
8263
2686
1639
1324
2067
5207
8326
7171
957
8319
8367
3403
9209
9579
3157
2714
6533
8574
8217
78
6750
3255
4682
9256
3063
676
2284
8203
9455
5241
1925
3220
6064
5810
7934
2172
1165
7089
6942
2342
5461
437
3651
9066
2750
4276
2986
7150
6790
5566
6192
6894
991
3453
5953
2471
3098
6444
1865
7080
4488
2204
7477
8300
4502
1763
5398
7631
5143
3150
7161
8511
8273
1109
256
1248
3768
2270
1612
3808
1826
2814
7369
3888
5443
2488
9183
5722
7603
4629
332
7742
235
6700
543
197
76
3942
3857
1348
1465
1375
2036
7782
2751
6814
2911
5850
7219
9815
8450
9858
5440
111
5677
2661
3344
7436
7354
9156
8314
8520
4609
2404
4171
5275
3147
1655
8836
4824
9246
3624
8202
3225
3352
6855
5871
2398
4566
794
2158
8071
8995
8153
9280
6989
7649
4779
6823
1028
6448
5128
6796
91
8942
2297
3096
9344
3170
8396
3324
415
9359
6753
9661
4809
4061
1423
4496
6357
8521
1386
3664
2368
3793
9099
1268
2531
8032
4417
7351
2679
4161
7592
1232
7252
4869
5574
6925
5753
6479
684
1572
6048
9061
2983
9737
4979
3155
9283
5312
2285
4852
1307
2624
3457
7653
7594
1941
6002
9944
1977
9414
751
5042
740
5811
3800
3069
1392
2791
1180
6260
3399
5633
4106
6980
5651
9907
4279
5253
8551
9462
6794
5252
9196
8999
8608
4281
926
382
7342
2375
2828
7095
7916
5431
1682
2106
7662
6846
8173
3656
2223
4738
9372
3925
6704
6724
7383
3790
3751
8628
8382
4802
3859
9026
5046
5314
9180
3446
901
6853
8714
3463
7412
7850
8311
1217
2046
2238
6426
4826
6604
1425
5160
7055
7399
6614
67
4403
753
632
8787
7927
1308
1006
348
7023
8427
360
2185
9021
6742
3290
5641
582
7464
1402
2005
2340
5727
8408
1213
7721
9862
7766
3887
905
8605
5493
8626
2114
3448
1807
7210
5692
6085
4272
1678
9749
8063
7869
5376
6220
6308
4702
8723
1207
4785
7433
9972
4508
2888
9512
9688
1463
1585
9017
2664
1329
8614
4154
8973
7668
16
374
7153
1547
7081
6221
5417
9034
5419
5800
4326
4551
3182
6281
2500
2173
612
7332
4742
4286
2748
7559
3230
7523
2710
7743
9589
3506
385
8667
5725
7272
5543
9248
8092
4819
3088
7890
6883
2152
1921
4433
9082
7618
6492
8064
1492
2061
5012
1879
4733
6135
7671
3606
5585
7988
8810
474
2434
1771
4895
3160
7898
1181
5236
3317
1576
3896
9149
3713
8738
183
1631
1264
7688
268
3421
1012
5437
9708
3695
1108
2365
4636
7393
1191
6191
6278
6817
6284
1037
6489
3623
3939
2881
7693
3540
1579
6256
7522
6669
5831
9084
1436
5272
2653
655
8022
3546
2612
7655
8588
9096
1703
7826
6996
4274
2115
7922
7844
2725
5031
8885
5259
8529
8665
7646
2154
6795
3386
9278
2251
194
4562
5759
439
6320
1277
4813
6941
4237
3172
6861
5465
7046
3485
8091
8756
6148
8445
254
8081
1048
1719
5410
4233
3094
1833
1695
8341
1658
2184
790
5322
9308
8280
1341
2044
9154
8435
1412
7441
463
3652
4197
8564
7885
6936
4608
8603
7824
9330
584
140
2439
8293
9522
3193
5345
9991
2483
6063
3191
3602
5067
6127
3333
5859
9355
478
8431
778
9193
3392
9744
6729
5614
2331
3990
8978
4666
2776
1322
4257
5191
861
6843
3306
3910
4409
4589
6023
7420
7473
8956
7537
8309
7728
5399
510
2444
1179
7328
5491
5944
3906
5463
610
6421
9546
7877
4020
8572
8646
7078
7568
366
7478
6920
1364
7525
2301
2406
3776
3334
8821
1983
7040
9532
8190
7245
1697
2975
7534
9353
9924
6873
1260
774
2994
8867
3564
2475
9537
1946
1230
8785
4621
8643
771
9764
5152
8428
896
8914
103
1645
5799
4363
3641
6183
5924
9015
5412
4603
7389
1952
6117
7350
3465
3902
6004
7126
5000
8107
9783
2973
1219
72
3101
4591
9370
5883
398
4899
7920
6181
7280
5296
4954
3587
6482
151
1562
754
2296
8789
7198
8570
8948
1163
4687
6529
2392
6679
6536
530
5806
7524
5783
9632
1673
5487
9123
6384
562
8910
4445
2533
8440
3839
3981
3221
4721
8041
8209
9853
7214
6952
3594
4018
9634
6112
5050
5311
2893
2696
7251
1657
2605
3961
9664
1662
3278
5822
5587
7227
5534
2332
9016
8980
5019
4466
8477
8226
8522
2207
1303
3377
7310
1757
4605
4400
4890
1832
9551
9243
5554
7204
9046
3371
4278
9881
689
2757
3644
2689
6231
2939
3976
3410
1822
8363
4209
822
4013
5020
9625
5643
3672
8933
297
1810
1464
7783
5687
6902
4150
533
9719
8507
1503
1554
1840
9391
3989
5392
999
2650
761
1632
8668
3315
9031
4494
466
4040
7265
8372
4923
8875
9762
4873
8430
1475
155
9587
6028
7652
1275
654
3351
1214
316
273
9007
2352
600
5325
2577
7874
652
9380
6363
2355
8949
4504
9190
340
852
9845
2992
3237
7271
6198
586
5816
5362
4765
6709
626
2303
2663
5231
182
1340
7589
7616
3996
8953
3573
8013
4787
7184
4673
4572
2178
5609
4296
9468
2733
8912
3964
1497
1400
1058
6740
6038
4655
9514
5220
4799
9377
5932
7005
6381
9155
2609
7545
2767
886
7698
2054
8610
3041
3
118
6710
4065
3428
7370
1493
4553
9028
2279
7070
238
2037
1093
1169
8609
7726
4000
9867
6137
521
9600
4158
5121
3558
6505
295
7813
741
4423
9200
1687
8661
2957
2294
4332
3496
3380
3778
7119
3595
952
9261
6222
2649
5669
2556
6385
157
6799
6422
8962
3178
7253
224
1798
4763
8337
5387
4414
8188
8463
5544
5084
890
6743
3810
1195
3260
6711
3460
5902
1507
7650
4832
6012
7979
1142
9997
2258
7529
3775
5584
961
7597
8254
4511
1742
5922
6182
9879
8297
7805
8775
1036
5706
5122
328
9299
6644
6510
8970
3020
7739
2578
9336
9890
6273
5599
355
9461
4542
796
4729
6896
7109
81
4243
4050
4076
5261
7107
8650
9189
8562
7581
3174
6251
2503
1906
9801
7943
4477
7459
9682
6816
6811
7882
5428
2925
2012
2645
1127
588
2527
8378
101
1070
6200
6969
9691
4772
6317
782
7737
8537
2125
8813
51
5908
1847
3697
3434
5068
6667
6434
2489
7806
936
6767
8147
9883
3801
4662
1609
8459
3489
4537
9362
4814
4478
487
6106
2466
1540
8406
4490
7891
299
7593
7836
7281
9329
1607
4776
260
9085
9795
6457
2473
8761
9315
1935
5356
1842
6680
2386
6399
7446
6393
8186
8981
6093
9616
8388
8473
5146
5657
6751
3681
2633
2549
6939
9176
3362
9323
7748
7682
8503
9557
8305
9304
6962
5963
509
3195
5168
4190
2286
4612
2271
8225
5088
979
1301
4995
8216
5939
5028
9702
2349
7136
9212
2378
2544
3753
1209
3997
345
7179
3505
3272
7547
4530
5270
7438
9136
27
251
3769
1583
6834
6865
9383
4231
1577
1405
7677
5268
1253
1966
8870
7421
1353
1744
1837
5959
8482
8712
413
8259
115
7191
158
8747
7108
2479
9852
195
5769
4164
3784
5214
471
4567
2959
9958
3687
9456
8654
4346
721
5282
645
1453
1891
4901
6478
3682
7571
1593
2643
6571
1696
2042
8926
8853
7266
9374
3923
8994
3495
833
1060
9448
4249
6436
9444
8051
6748
9739
7657
1851
8677
4437
1154
2603
6951
4573
7455
4259
107
7757
8039
6949
2742
8748
8162
892
5919
4635
902
4270
5456
6940
6629
3301
1473
1146
1513
1725
5092
8058
5773
1202
4862
4474
9393
7377
883
1634
9729
5512
3091
6465
5576
4148
5813
5230
5662
2414
8908
1566
6618
9138
1215
8401
9489
8685
8768
3346
4472
9042
84
3166
9474
5361
1550
7463
3271
6430
4841
5385
1738
1884
8799
2780
2198
1128
2910
7889
975
6573
205
105
9290
1995
8724
5194
2131
9480
1908
4399
7845
3669
7834
3216
4293
3655
1334
7395
305
6745
6641
5755
866
2213
9036
1903
6269
1907
9787
3601
3958
4463
6173
2320
9727
5655
4277
5298
6787
690
1494
8902
4263
7286
294
3250
3229
4942
6034
1118
5509
62
3767
6982
4458
5605
3052
9493
3412
7020
2896
7995
8312
1052
2139
3395
6158
7116
6869
1182
7326
4845
3274
1358
7003
4163
9965
5832
5185
4222
2931
207
9364
8074
4660
6717
7612
5682
4503
9529
6396
3837
5743
9528
829
722
1281
591
9811
2630
5043
4177
4943
4042
3129
3992
8084
9814
7249
3642
4961
4099
6160
3185
9086
3553
1637
8527
2056
3061
1323
1038
8715
2372
4337
8389
4861
4361
3057
7575
6964
5717
1325
8144
5430
2245
1166
2595
8728
7112
2260
6161
835
5041
1398
6262
7453
3105
4906
9291
7267
2918
9642
1286
1986
7467
1913
6730
8201
208
3590
4285
4313
4986
3822
5073
9562
2299
4156
2901
8543
2525
7355
7175
2189
7014
3926
5097
6491
7946
6334
5629
230
1189
4456
5273
2545
8242
7335
3582
7206
6029
2166
4264
4329
7636
2928
6968
9247
6600
5365
5702
2522
8487
1315
239
7293
4866
9598
9294
4649
5933
9100
479
9277
2091
1389
5940
2538
8371
7527
9215
9524
2874
5037
4074
4556
3202
4397
6956
5885
8887
3295
9399
5530
642
6581
1616
4907
8358
6235
3718
3759
6623
5695
8943
3972
4858
6779
3897
5979
8504
5333
7056
8043
3846
1374
1761
5351
4460
6585
2409
6815
2253
8138
891
1733
9065
9950
2211
1199
8250
9822
6452
3937
1985
801
39
1480
7714
3187
927
8907
2400
9617
5994
1417
6394
8047
5369
5558
387
4443
2455
857
9599
431
839
8636
6352
5492
6293
5969
6974
5733
3576
9231
7886
2390
1715
30
683
815
3267
1216
4268
2656
4595
4546
5849
8837
549
2512
5636
127
1422
3210
446
697
694
5025
3000
2867
2465
9239
2678
65
1726
5477
1404
2229
1544
6119
3527
7712
1298
5156
3269
2692
3209
9824
7102
288
2735
6509
1711
7611
9582
2571
6236
950
4523
82
4795
4413
3389
5151
889
4447
8662
9803
108
699
4536
917
137
9358
9508
202
2707
3763
1123
1458
8441
6302
9843
4663
5290
315
1153
9800
8410
4863
3818
9900
5280
8565
4580
7093
6240
6990
6255
9207
1249
4924
832
1261
7450
3869
5360
2128
7576
7925
1950
2231
4087
8287
3975
968
2411
4454
2230
5021
2936
9596
2006
419
8442
1556
7842
1843
8647
9067
2170
2345
5263
7360
9409
4294
4153
9882
6089
1292
2660
4654
493
8439
4178
8989
3960
1591
5213
9605
5612
2441
7548
3240
5475
4354
4282
7895
1074
6179
1779
266
5251
25
5126
2726
1641
766
5872
8117
4092
3092
2937
3388
2991
7700
9225
8576
1959
2225
5600
9478
3605
3285
511
5973
7147
9487
2843
5606
5728
8741
2924
9595
6619
8232
7590
9010
7690
3154
1042
4339
8469
8719
1433
6246
7059
5
2028
9560
2374
6734
8436
6014
6642
7801
4416
6822
2291
8444
9327
3293
9680
4626
2844
6547
181
3932
414
7352
6518
426
3153
3007
7111
9179
937
3405
9233
9070
566
2877
8256
4699
1624
1438
3991
9850
3034
1440
5690
9542
6608
6463
4921
6758
4404
257
4927
496
5098
9382
4713
5630
8652
9165
411
8894
1346
9471
126
5916
4823
6774
1344
1015
7074
8635
7722
7484
1772
5997
3316
8586
7115
9111
375
5508
2263
4067
1302
9745
8415
7183
4983
3414
4533
5071
580
5449
2981
9458
5809
6876
6285
7379
7304
4126
6682
3795
2741
5573
9341
3511
435
8777
3621
7788
7857
1776
1259
5900
1023
4481
5175
1050
7419
2448
8155
2716
8618
2824
4864
2627
4307
4610
542
4227
5834
3072
4550
7294
9630
5306
4985
6960
9938
8289
3566
3070
5390
8464
7430
9424
3947
3326
4439
8405
8630
9079
4560
3408
1175
2606
5689
1485
8030
8841
6250
1449
910
9214
3694
675
4791
4821
8888
1459
2693
5595
6130
8890
6378
2845
7915
7053
7812
7601
3107
7753
8763
9693
2950
9904
3812
5623
3604
6140
1088
1680
4328
188
7101
7776
1515
3383
8699
5237
2235
8443
958
9238
4988
2700
3719
7614
7506
3479
604
5618
1197
7411
3794
1498
1724
1823
6056
7180
3838
945
1444
177
4630
634
6643
213
5781
7002
9009
9990
2820
614
8672
1326
618
9519
3384
5190
3908
8306
1200
9083
361
2566
1545
8320
6979
42
7127
3799
9922
9722
6083
3959
6805
1227
9713
1160
8053
6176
3044
7570
4457
4753
1026
7541
8437
6294
7832
9505
526
5277
3426
1727
337
5090
9533
4299
296
7574
8249
5373
4388
7496
5301
9143
9297
7872
6438
6202
9711
6539
4516
5353
3114
8353
1588
2949
7887
6082
7151
6901