610
552
117
605
879
463
262
372
160
303
276
231
147
897
311
491
704
523
786
755
75
341
110
171
758
506
663
954
544
410
71
982
723
400
824
737
131
195
595
903
378
793
212
749
490
839
567
175
861
488
795
202
794
772
107
947
414
938
266
869
932
331
554
34
364
674
285
177
985
106
972
819
53
335
728
383
798
238
167
128
109
846
741
94
515
31
168
1000
92
578
483
80
247
637
899
687
230
456
632
290
17
548
380
140
727
486
16
561
601
656
404
50
990
752
603
780
399
43
126
645
556
254
905
70
808
157
367
87
236
955
219
883
189
951
42
529
337
542
579
928
949
360
830
392
270
437
679
675
778
62
129
822
937
791
18
609
686
340
376
643
485
849
602
57
47
689
497
624
902
277
907
901
52
681
527
925
734
348
642
767
480
182
812
99
35
191
166
685
671
77
775
510
447
797
733
747
333
518
743
495
742
763
802
349
440
856
702
84
365
113
983
669
617
258
639
187
492
970
132
269
244
816
207
390
618
894
64
424
98
877
51
304
774
967
622
108
78
546
621
45
553
412
267
919
469
583
439
630
387
204
665
971
841
526
476
240
660
83
271
281
918
415
587
125
913
193
551
534
163
500
929
736
225
673
237
543
852
178
855
596
817
563
611
300
397
541
661
511
361
33
770
26
324
696
718
459
707
417
305
836
712
336
97
91
2
917
803
994
446
391
435
295
860
334
180
781
224
726
720
15
472
796
296
8
739
750
221
307
173
809
574
939
345
834
20
139
208
249
121
375
705
40
186
732
862
420
21
359
863
150
516
217
968
245
866
104
464
993
979
956
666
452
23
521
287
910
379
722
430
912
185
699
347
154
658
329
72
580
884
540
524
865
127
363
362
141
835
124
566
829
350
253
615
170
470
827
946
122
308
900
61
438
68
629
251
482
620
936
634
144
854
582
593
209
957
199
460
530
547
5
489
934
789
598
134
589
443
895
831
867
471
394
880
916
499
302
924
943
872
652
571
539
573
183
152
719
24
205
105
788
998
859
260
431
322
449
840
119
9
248
306
672
228
519
538
501
41
355
467
525
745
184
143
46
120
503
203
343
114
405
857
214
555
746
825
76
989
451
293
708
636
474
890
709
664
792
279
721
211
864
537
66
466
112
369
805
85
381
82
353
680
948
868
688
799
779
591
318
458
842
239
123
408
590
315
351
206
4
256
631
988
695
261
216
608
753
210
613
820
263
647
190
926
710
373
344
659
783
401
828
896
377
969
614
59
79
275
115
915
201
606
419
454
838
242
286
909
545
744
138
197
641
27
731
509
427
371
748
226
730
13
931
804
455
393
136
522
823
724
806
933
232
418
756
409
389
588
638
888
396
694
342
382
751
386
607
851
176
714
192
759
298
876
25
684
528
498
96
560
457
740
700
406
881
328
508
818
312
650
241
234
927
600
965
581
309
893
116
416
735
213
986
479
826
711
821
156
323
980
54
366
873
395
577
265
911
996
332
565
683
11
646
961
444
172
468
833
769
959
218
473
88
398
413
402
179
291
891
30
703
159
920
848
188
95
514
74
411
259
966
142
289
475
496
194
314
977
678
889
196
145
715
494
223
448
599
815
940
847
942
633
963
32
36
738
162
288
327
701
882
445
952
930
326
153
422
158
29
432
425
628
832
811
118
149
442
635
346
58
461
760
441
790
532
426
10
987
845
991
604
531
958
352
100
517
462
570
973
319
777
151
310
662
667
93
612
874
56
559
297
487
782
505
762
28
670
169
370
507
37
512
843
243
944
284
484
246
668
49
964
356
776
354
771
625
871
814
165
649
975
690
960
338
421
766
181
586
906
813
569
81
313
568
513
693
292
73
576
478
135
137
885
908
976
657
7
717
914
626
768
875
39
14
706
274
898
623
765
878
757
330
784
585
133
651
161
981
388
923
572
697
320
562
69
1
101
222
584
682
264
255
215
339
754
892
904
962
837
935
941
945
273
63
130
858
67
533
676
278
713
801
146
692
174
785
44
978
282
997
148
272
575
280
385
434
38
974
229
403
640
65
992
950
729
358
616
316
164
103
557
453
800
536
844
450
299
984
321
564
90
619
764
787
594
677
698
357
429
235
549
325
922
301
6
853
725
465
953
368
102
283
773
86
493
850
655
60
648
691
887
627
111
502
198
436
12
22
384
807
810
200
55
294
886
653
3
716
407
477
558
870
999
268
481
220
19
317
48
89
597
654
227
550
233
428
761
374
257
921
520
995
155
423
250
252
504
433
592
644
535